0.036269242643065844
0.0748153117022336
0.17905065621862584
0.9806621369379501
0.5503552928628791
0.9597837676739663
0.3531860750878393
0.056922834163095196
0.6391156041974503
0.9513340191674879
0.9965184290527679
0.9677423169388573
0.6293504084429128
0.8488275788076839
0.8749736689914457
0.13173444947258817
0.016991183265013962
0.9831027571837601
0.5921673905462255
0.06626058374294048
0.48399019961044437
0.0032574205869730965
0.04004389197646836
0.880035483898356
0.9116961020440533
0.9941803240821248
0.4733660477476543
0.1035235909331587
0.5544184434905167
0.05657963701870375
0.2754898446651987
0.9511618220006998
0.8940461377991487
0.5845756519245005
0.5946901361884839
0.09638173934864436
0.7713090194161991
0.9950048144846296
0.7666361310334824
0.9490220649933948
0.7632836252098697
0.786850605430843
0.7178158143185484
0.5681669748976438
0.5057152441120554
0.9876688244552767
0.0396943003226012
0.929399448028013
0.19074159737967125
0.06736017454394996
0.9697660190633436
0.3275834945662022
0.5887559454742861
0.9787710441454216
0.2625938716573348
0.020435225511100056
0.9777491304642874
0.19688936487846362
0.43998766926902827
0.03419833400284998
0.8414906247452858
0.1464925376756482
0.13335033247188166
0.48935014156052126
0.9887797803220719
0.2797964475360764
0.214972356699635
0.5194233491225321
0.47485256092990286
0.8453214120645771
0.9244214505051599
0.08153569692748674
0.8903715158223934
0.8093320658693127
0.5658921352435278
0.273353843112435
0.9666057824227401
0.11067014503076095
0.9922994515556899
0.02128868845216245
0.6388785440360705
0.8421479879491118
0.5787927158268314
0.9923928923675538
0.900926251700082
0.19055730529309142
0.3468783318431519
0.7338049780614593
0.58634661588537
0.9305676227551083
0.05566159104479463
0.039233454546767375
0.09562354765219802
0.234288815106619
0.9894296943323815
0.0327789337103535
0.09919214537194287
0.04717877767946448
0.9454515687732723
0.9179199459836824
0.008170942800248871
0.5228212229727465
0.822575120824182
0.9944594429306898
0.329887162113031
0.922789207696315
0.5160883705479927
0.8215462136343682
0.9834745233042214
0.8891874199796712
0.7128692501954377
0.27742744861108887
0.5380643217851507
0.06098118670590029
0.01437332271971787
0.6097350243396544
0.9902873021564871
0.03319351875869693
0.9661704891450689
0.01258008584994107
0.009988829715546113
0.7374686619004226
0.9800334384595241
0.9483432337910407
0.3446350318647903
0.9076386318479264
0.025013739815043966
0.0644358832757627
0.96070220936254
0.11129460990255012
0.9648479237140224
0.07253912229869608
0.23282579914937931
0.9148603146811156
0.07628199516270509
0.9395698548860565
0.5105442445857707
0.8212164349468707
0.4982689679407053
0.21698622812385984
0.4989892492287371
0.5046794236130543
0.9117571707359425
0.14803149051628112
0.8159396744347885
0.5534061111314944
0.44859123760953096
0.14717993155413805
0.03827894893701605
0.8743885317277674
0.790326849159779
0.029218532437516206
0.9767090181998883
0.020160808682453082
0.1169294333352199
0.6959714494063961
0.9811995042113834
0.9446128069420013
0.4455029745146814
0.8581227323419498
0.770760844711472
0.9158422798515344
0.3547432727896809
0.017384502521174117
0.03712234321697047
0.6576772731117435
0.1496231262288694
0.9950828587801286
0.5068136837480007
0.23873012216277512
0.9571207458436033
0.5446888770361672
0.781331738478939
0.2049376442448864
0.5734460123206803
0.9831124455634371
0.8263874886788555
0.10088680551988347
0.4676411143532401
0.27136855481567485
0.8561718248465084
0.6405856596783082
0.6932363857633691
0.5892271720270551
0.03244395415018913
0.07117735370273481
0.4366198752068074
0.2091925801172136
0.009846832054571897
0.03280987872038028
0.7928916305522662
0.9817792031028614
0.010961365253384708
0.06860948100205015
0.6469325109335475
0.9961012412250726
0.02781986872134313
0.8327380822754472
0.04447630529336263
0.009581363031896032
0.06572682600404357
0.9230543204215644
0.9608734884574355
0.4767708996654697
0.010984677641761536
0.026216090412847896
0.9116072658916375
0.9844749344381473
0.9799437998059318
0.017795426058814633
0.1011115430077723
0.20848089737176392
0.23842062360812044
0.07858787058754645
0.25549861927571543
0.10844845554120834
0.8367353447396629
0.9952296314297895
0.015190363893040916
0.3173660164805468
0.563613179059214
0.47015437547319416
0.6634520746348884
0.06745677077885448
0.6722419271448412
0.22370834999428094
0.05834467930077861
0.12806707725805028
0.053412872529369056
0.9666365281735008
0.402524484913192
0.2619140147094436
0.9569025772976538
0.6099214247683344
0.9570995930482374
0.9766920430755153
0.16414329682921447
0.6697625355574776
0.007493386777197886
0.9536353280173613
0.7854132002874478
0.07940767947991734
0.9968137462178294
0.5598517887673131
0.03312571548151083
0.9975860400188413
0.9658004190863255
0.19067374588693142
0.14684007037489283
0.46299760561945713
0.6766670799510046
0.15052142826018283
0.27354402143735274
0.03879221875913066
0.006828311789948543
0.8489120832968182
0.2718561396714905
0.0672950149017941
0.9289841125549477
0.6105082440734623
0.9006748957559851
0.9959895281457611
0.989530547348191
0.401584929428339
0.6076506496412335
0.9888834011967543
0.2240751774341777
0.8761930913446077
0.6321189111224818
0.022839837598291248
0.2537682487165576
0.18079958232649518
0.01803097275886759
0.407758866314739
0.05306317043226024
0.08798570151683556
0.8505253163140277
0.3629058842722284
0.8054658686564519
0.9970251411011771
0.6448553100448666
0.3910702101399907
0.007758422686253099
0.7593706296560472
0.9838517691378376
0.20948498628361212
0.15085770426906395
0.7923170495412486
0.9260661419003683
0.03451975945992251
0.08037520015920113
0.10906833369637377
0.9088280688728774
0.9967382761976387
0.80586491163575
0.9654709227040975
0.17117123771886966
0.7288416641908826
0.9277044413950136
0.868873992484133
0.12342395681343575
0.08997668596902839
0.9758025891344773
0.5057772579767097
0.9518256812367715
0.9894068070777132
0.4266882233725824
0.201836365076051
0.8546496298516587
0.3840668590510051
0.9660267881539444
0.9802728495666888
0.2784976920937241
0.536996471189693
0.9783922634501235
0.22779593459226
0.8890033112846449
0.016666895420828557
0.911302046304261
0.32553054770316175
0.0362914368077539
0.11592532972011814
0.692977990136631
0.8959659033383032
0.11193517389064801
0.05236225225819196
0.2393249749592467
0.6387687310580717
0.919936830046904
0.014959240749850911
0.9968165371359594
0.910279099219486
0.9547928444915084
0.8847271417449301
0.07186451426620474
0.9211026201577798
0.019727683364496817
0.01805891348656997
0.13140655701497558
0.7144376642639347
0.04145249866367635
0.038866693646096837
0.9246204763021751
0.500585522639128
0.6407607117052306
0.018982158823983755
0.7959390705628141
0.04895234147626551
0.9462917277933822
0.7485976478990588
0.03472005532932104
0.8298888112041581
0.5849703762007407
0.12758034815644909
0.03946594008459461
0.009320631206838624
0.9904842491297489
0.2577373619515176
0.9913979202574104
0.0025164155836587872
0.42549293064078175
0.1960969162452932
0.9231094247984843
0.8120732255105988
0.6479209435425923
0.5973082857052304
0.4739699327621533
0.7459682719622568
0.9905468539566026
0.994048508600615
0.16963532162427078
0.2831702522746788
0.8125643574861341
0.874807316680683
0.2497704710603179
0.9352220408290216
0.8631331451844777
0.8588533633356634
0.0037298348786532196
0.9710348813205474
0.01899314517815504
0.25505197314969924
0.6591839036748348
0.9533274675025435
0.9153757119223183
0.967433534772008
0.5034229618728059
0.5504251318507929
0.33300771333104023
0.04234663867462839
0.9684068766373104
0.9248780041155079
0.8799899566178309
0.4741829333249416
0.9927274019386775
0.8191794395277261
0.9839330699311256
0.645140630132824
0.08412929260600237
0.25200180044037146
0.8545892715198731
0.21977871667608456
0.41795693676969753
0.9171030349044155
0.9978475463324947
0.036355434775652416
0.07238489739928515
0.9964928403189981
0.6979204769812201
0.18940057466256854
0.2167360998623629
0.8148030588340142
0.9173631258547821
0.021016732858810123
0.5823104962965423
0.16487683531195135
0.7362040249810627
0.6625075274552695
0.9792259876198209
0.8641117279851958
0.4727085201687792
0.8940681046739554
0.09897972389848624
0.03710612793215858
0.8134571334173842
0.9325135706454157
0.33953869558086003
0.6604486579181518
0.3176608574872838
0.5714158091090412
0.9752126896329464
0.6446832060325092
0.019735114500709118
0.06976647255945165
0.658533349436262
0.5441287249129902
0.2147381407853506
0.9681492714431303
0.05707595055078118
0.02440471338137586
0.996359487594905
0.05296724130734471
0.9543277882062587
0.05468599716897527
0.10407664970927334
0.8680634627017143
0.9323543803195143
0.9934637519031272
0.4131606635899392
0.6487514866763444
0.603200711430825
0.9777111348735095
0.4425190921700326
0.4269812993653155
0.5327737713881726
0.02354783114335649
0.07524810587081536
0.5415275288152727
0.9124219301287992
0.9133724937532848
0.38699517879762085
0.0919793523635603
0.020421462708528
0.10555848616703217
0.9169894122338337
0.013393772516895249
0.47942014977282565
0.938343938017067
0.9508298039011474
0.012656174664913417
0.5930956072945222
0.10751703003244957
0.053708541194275455
0.19520216935892892
0.26645040644522694
0.9377586828678893
0.2710329447355712
0.2619092617980885
0.3683577433973965
0.987370547981891
0.03080266970740919
0.9813475406539418
0.30778564195707797
0.9825447418683134
0.1737408433371252
0.7831173728962862
0.7570080631817645
0.02727324395816561
0.28987594160825414
0.28335056410819204
0.04727545852866783
0.7380562380382112
0.8674868485483683
0.7072604020498097
0.7674934282520663
0.9715077478785791
0.8585803263080944
0.8817644703691307
0.7063270661933785
0.7453186413693696
0.6619426168575516
0.31400812818090823
0.0812681320546109
0.03826600409770096
0.8232620527363345
0.28914583722215
0.9569740897877967
0.8697743334261119
0.9868125453434553
0.9334934236668111
0.036181576836257626
0.23183938908276472
0.41086777031865845
0.12418222705504037
0.9033336324567546
0.42885162916066083
0.7429815824842958
0.0479983389950803
0.8207247377465652
0.9751514221663656
0.5626495142289599
0.9496574362462346
0.34263905419633295
0.4699788605869466
0.7895121883400539
0.2489999760301681
0.8778820044034367
0.44224998925088593
0.8371316419129499
0.1027401938746972
0.7355155477554808
0.8003691795558009
0.9562092055550931
0.6426699361492093
0.32650668428631524
0.9423196182319143
0.9434698197505804
0.9949402741757879
0.33618849186613664
0.8792291611349167
0.06724533883486206
0.3750495773270799
0.0577274090865232
0.04523067404674753
0.2963224848206069
0.9721036717334375
0.0364487470716644
0.8089363384834177
0.6676199781985621
0.1566410393971287
0.5783525843353419
0.865797793495507
0.8103272705829769
0.11084087481648333
0.22369614209454175
0.815889695838015
0.3332835573789345
0.8670003748565255
0.015816964893894957
0.8960596364528917
0.875628148404817
0.04865270572768863
0.1767371177407991
0.645856995258592
0.16717143215134997
0.5068442729351466
0.9901226518168005
0.34607401707077284
0.6571093740701408
0.9038571658219655
0.2216160691509869
0.864323328016453
0.03755824816602752
0.25050429612986175
0.35595909090608263
0.1813395649848033
0.9766015386302644
0.8901958569633501
0.8928590592653345
0.8988486900947024
0.1671422451734684
0.9863919542813226
0.018387669673984888
0.10016182458406389
0.9570542696476153
0.891171357944124
0.9711908763477702
0.5715710926902593
0.4003701447141943
0.0011989066398964395
0.01851586509695894
0.9849589299285104
0.06867730813425821
0.025627644087894506
0.009547721992794522
0.9329202955146352
0.47559171144845125
0.9946239593564252
0.9855004102132139
0.011530729116569197
