0.1354696329527556
0.9997207220684993
0.0008692883938115229
0.9984846096044081
0.9987994787114748
0.00013075173238036005
2.9400540144726736e-05
0.0001984475702100674
5.373280490325842e-05
8.851489425237954e-05
0.9993184635876895
0.9856187041186504
0.02492877068549062
0.9997917903570613
0.012107247396851454
0.9943062163560052
0.9993089228565419
0.9996555522170202
0.9911114249019245
0.9992420438928865
0.013011206652298931
0.9998609275419936
0.999240141183652
0.9972954608541724
0.9944483052845396
0.007295079212697406
0.9988261055904377
0.9997301285721384
0.006015910203299328
0.9875312362572398
0.9637229093109835
0.5630076438527809
0.032639092245923026
0.9999612842466663
0.9797565157246112
0.9998313064398828
0.04515561848816761
0.9954695538790721
0.0055614297959051965
0.0009048275041715351
0.9997557518153368
0.0005308525616380598
0.9584346025717639
0.9998570486035799
0.00129783987802484
0.0010181194694024278
0.974628067316198
0.054132634017150696
0.9228526509631227
7.286025228351338e-05
0.00206107584250298
0.033283056072987
0.0010532447407340993
0.00032997574135969405
0.9997155639195207
0.9999520742836212
0.014588158590584923
0.0004076290756679971
0.7399866988790331
0.9931558062195354
0.9998806262967074
2.502873018063431e-05
1.1996414157057199e-05
0.9808728495370725
0.008231461971182264
0.021665408169179886
0.9998148675823731
0.9997196881341737
0.999510214369667
0.9999321318256911
0.0007926738882504935
0.004534294433931452
0.11467625594540508
0.9983841510230286
0.9889847538424551
0.9963083468444005
0.0029361398985854
0.00045219372483499767
0.998911280196424
0.9996555001738999
0.0011964194548347736
0.998962413238314
0.9996121049426842
0.9705366057395154
0.3306160015408243
0.99827815838087
0.0013594197770368604
0.9981579840590306
0.012399524485166485
0.9980850867579502
0.9785470887485244
0.651220152185852
0.0004905082314954121
0.0005330645915824711
0.9942171175194695
0.008942662819515735
0.9972435855082417
0.0007040800464880775
0.1284304587959226
0.9995668976811346
0.018965976781534714
0.0004175190329208233
0.9598611487876078
0.9996357532689804
0.9997567738985074
0.9984034197592425
0.0004879964442808742
0.9991952623660095
0.9999611371321997
0.0004822687926244337
0.6744288989270983
1.388033081023108e-05
0.9597904092547742
0.002407681645448586
0.9988797800062722
0.9993465695123771
0.00023251652180736936
3.7305213853529443e-06
0.008978479612829443
0.9914676627682932
0.00030399220254924766
0.9991536183224089
0.0046778918680986555
0.977175221208805
0.0008962111616966818
0.0045893017955416565
0.9995703396113493
0.001625690982183866
0.00015397751168657418
0.047206398913284646
0.002246182349961186
0.01411982042715715
0.0015984080216854657
0.9778357039414244
0.0027095358150807463
0.9964877951412328
0.9967853761287995
0.9993308405180491
5.662982203544409e-05
0.9986871683644131
0.9998204442039638
0.9823883880382711
0.00043527801542251433
0.9999706061052716
0.8812631673340969
0.9993221220500484
6.207797274610565e-05
0.9996438277295479
0.9997767736969442
0.00022091213255987993
0.9881950811673356
0.001983125225282383
0.9996804049909087
0.9958739932847678
0.9977571370454303
0.0009070048362829158
0.9985223973715046
9.929662240071062e-05
0.9993126922145358
0.001895738273391185
0.9951017117701707
0.0025765428786505397
0.9997035187006765
7.28592699744318e-05
0.05592280272435437
0.0005435115999439684
0.0393323124839325
1.886759403597595e-05
0.9999387996707987
0.999072189068475
0.9662905140454886
0.9952256463873199
9.644370731417895e-06
0.006126939930553286
0.9979951111597366
0.9969063028126528
0.9991155716942008
0.9843057497987467
0.9994164302343226
0.0011413719755736986
0.00014228929749012333
0.9995018214835908
0.007355107432495255
0.0032606728697661476
0.00260184898621127
0.9986772432946032
0.4299836235679146
0.9939336187189757
0.9863833623781759
0.02487291706815633
0.9990534612657679
0.7990294748216739
0.9999459415140312
4.510281365293951e-06
0.9969130927497221
0.003546524203806712
5.1767432204973336e-05
9.035741246231786e-05
0.98906746356828
0.9999569927769214
0.9997267228659016
0.9989149635089455
0.0009429045460566497
0.9991696350086217
0.0008411082496525866
0.011830528032190845
0.9984728732956493
0.002609059130596786
0.9998175222055012
0.0007044384352115159
0.9992218275747949
0.0011738121481921866
0.9996594491759561
0.9998283033111709
7.65368287993617e-05
0.005965178104267196
0.9987551494523912
4.961121452929573e-05
0.9981532502349588
0.14039977305141274
0.9992598999066394
0.727952846498633
0.0007580214099356451
0.9954030936484122
0.00016581537988703392
0.0031625771318280257
0.999846482071951
0.9925433064148845
0.13983755374852488
0.8813381179399606
2.2146093977436528e-05
0.0005328504142606476
0.9995056784787566
1.5598243392493245e-05
0.001411739804663229
0.00042567606302335335
2.3288676144016798e-05
0.9951894281891585
0.0015458602757465877
0.9957277867476934
0.9989572535365634
0.7743909056526987
0.00030602832293751486
0.0006814041809064809
1.4024247985825346e-05
0.9389880617935259
0.9959655381903334
0.11165148671556084
0.9999211751730267
0.9996605050421543
0.7704758354487201
0.9964040787485561
0.9961773081975468
0.00023109553408453515
0.9967963026841953
0.001975499341470298
0.9900506907386624
0.9975282435904321
0.0019721256462317616
0.9968724829314914
0.9996047606938369
0.0040506171115295515
0.00047158594576600767
0.8772499156949619
0.0017649417883775047
0.998621159468414
0.000562978988975969
0.9954656797929041
0.9966774177941827
0.6475510814758271
0.003625405995585401
2.873625138745686e-05
0.9789389975455693
0.9815971940952419
0.000633552165298825
1.1462388549550896e-05
0.0009552915937060399
0.9968319220525258
0.998444208507614
0.9999348307067961
0.9881948646794808
0.9920261304316292
3.0476266093032287e-05
0.9979959013027797
0.0004618376149200283
0.008348530517535929
0.00029422218055903844
0.9987141539648763
9.116797164865565e-05
0.9972992086047532
0.00013877606063409284
0.00029533928530468167
0.7567884340862944
0.9998827131368343
1.1539093816449747e-05
0.9998926045984206
0.8208684342707991
0.45722437648899983
0.9996597432183975
0.22044597704005098
0.9998558057274843
0.9999065148539803
0.004916387664547418
0.0004500795626469801
0.00022031569992021316
0.0037238032008141716
0.0038205834997927885
0.9795819953023267
0.9336397349816596
0.9812861338104519
0.999909656602845
0.9995564730243596
8.931705739634887e-06
0.0009532845649534168
0.9459178265291396
0.9995589228615691
0.00046063765202836675
0.00016597013939442348
0.9997050687059015
0.300203945835166
0.0001846340216165594
0.0018449043321578104
0.9988892181058608
6.081541988560305e-05
0.9902631184097834
1.8472932958160985e-05
0.9994112546904327
0.9950472183857058
0.02662023296672314
0.009705905778852884
0.9936521759476857
2.8672521416060613e-05
0.0012108095223118173
0.9785502077656807
0.0006182724738660292
0.9983228424278967
0.99993806903324
0.2269848342971511
0.9622980339172547
0.9997400082261083
0.9981875855429014
0.9992748366021421
0.8454091001578947
0.00022967393990550158
8.531543387072332e-05
0.8851342256617575
0.9984064475611604
0.9973504933285459
0.9996144890348254
0.025706313059518753
0.9903542687281615
0.008333160698877443
0.9928111871946816
0.0030401290255466958
0.00016369518604961248
0.0121014837372001
0.9996386523819849
0.9998004177806528
0.997202136454324
0.1017558248592126
0.9991257278542687
0.9997824176602732
0.9991836960141198
0.0012976907541158906
0.9982632185342747
0.0002874303608389028
0.11178195257363487
0.9995695101424068
0.0017058166758399987
0.9863148688552485
0.007431582329317085
0.00013715013283732534
0.9688033019384386
0.9115108932025708
0.0018842934320524544
0.0004128251721374212
3.055379475275023e-05
0.999917728045409
0.9997524578269299
0.004809452005182621
0.9932905663357368
0.9995387229591596
0.9959230733491286
0.06972169281570377
0.9929242354801223
0.0023909142756030483
0.02661943758923294
0.30980341495877156
0.9318109458914257
0.10590810762357467
0.0032057516022999093
0.9939963357838871
0.9704983668669088
0.0018902113501835412
9.899590872917421e-05
0.012352468386990487
0.9907422923447811
0.003412919157391191
0.9710007561737402
0.9991537024266569
0.9912978464969109
0.999889089974342
0.0009658331014399567
0.9890847655324608
0.9796533698017675
0.040628616740455946
0.0002861677301500749
0.23879161820390557
0.13010846665192513
0.055375875528232255
0.0002822835184244707
0.9891095157148404
0.001979098063602227
0.00022286288394526312
0.11003153337107632
0.9996052743460777
0.47070781002676204
0.00021898296408628267
8.174247383037731e-05
9.820409456108358e-05
0.9995307403827375
0.9988556586652625
0.9994257470118957
0.026688244848227804
0.9876803437526804
0.0019559319527496758
0.9998695666203906
0.9988739817903176
0.0007644255430720275
0.0594139256001545
0.8688903435183167
0.003801736674901074
0.0033925964940353134
0.9974389377470786
3.827772935046519e-05
0.9960807027219638
0.9977190501386219
0.9998210516502372
0.9995163801029647
0.9985755164445921
0.014328582262774297
0.0007305243623576267
0.000727183925686219
0.9998578178820607
0.9993477042574405
0.9861243746082745
0.9921195480422098
9.286456158564452e-05
0.034893034660309484
0.0004153820383525951
0.025444328323750074
0.9979329830285462
0.0006479534458243227
0.9959758566162239
0.2214058712225603
0.9989688498097309
0.04752181685080367
0.00043115553408670267
0.999819751132091
0.0021205728249617225
0.00028172800749380297
0.9998101964572847
0.1978403025765596
0.010823910259056877
0.9803805876694581
0.980595491803085
0.9990538588332073
0.000676520989199239
0.9973050675262257
0.002277754453271009
0.9430276652469853
0.0002464596152777131
0.0014560524385257548
0.9998498907635195
0.9998553140569608
0.9991950481599785
0.9993480941894848
0.0030876360545297977
0.06258060916167656
0.9965824340151759
0.9988446309703874
0.9940739439540542
0.004707122708732966
0.00047480911038932005
0.9989646650936896
0.9930940480176303
0.006313135526827372
0.9553481594379671
0.9997771133301292
0.00041448484057882764
0.00010161129960628893
0.9573622815485461
0.9906054613628612
0.015678491882986145
0.0006287494029959638
0.9989640255879688
0.96841359912898
0.9914775455926573
0.9872289673680738
0.0009889460887947971
0.9929815612415916
0.9995706279277958
0.0007563995742913593
3.631731632610906e-05
0.8509537478572926
0.006032543395920211
0.0036668488495934662
0.9423453243811852
0.015744943845889606
0.9937820446587956
0.025378538934822413
0.9998930964029725
0.9949537180625301
0.003067392185381466
0.0050482031378562935
0.0017502167479196788
0.0017591842241525249
0.00644138658577907
0.0010725035703064757
0.0042588043155848705
0.09845015757217228
5.783997599454849e-05
0.9546611236330418
0.997310809391888
0.9541838129847112
6.352532247924184e-05
0.027578809720091805
0.9973520420121731
0.9289383113884583
0.9993245871844826
0.0020313578820064394
0.0001951902991731397
0.9988288342672753
0.034097927754688416
0.985018129922723
0.9862996896063776
0.04258235374260005
0.9886228108892594
0.0006125329288466865
0.9996794502461968
9.694233426662887e-06
0.999156174953609
0.00027012273036199124
0.02388728188266521
0.0015888386238950862
0.00011061962035610796
0.9994201019756349
0.9998424790120889
0.9966865891568756
0.9547757476541526
0.9965628994021914
0.002936726280419494
0.0004431621326089116
0.0004507377727911708
0.9553162551343449
0.00667392248813639
0.9978684867418497
0.9976707593754851
0.017186959128813104
0.9999175758329641
0.9855529007422692
0.9976747694010049
0.9953112172177857
5.0413943691785394e-05
0.00042224200904812046
0.9995985235057733
0.0031332579717916705
0.008516390958545197
0.0015644886797509204
0.005898212155221419
0.9778951155012137
0.9998919197219679
0.0007634349808380564
0.9986419765127313
0.9998972239249052
0.3670191835176281
0.9995530792118249
0.9330363784398638
0.9833291255538398
1.5800794694916367e-05
0.0001015907163382967
0.0003563604062961289
6.262038096136359e-05
0.3081513376057273
0.9246636948009456
0.0004402237871765393
0.005051069778487731
0.0001156722854102576
0.9999347694177908
0.9986662654763798
0.9982058128222465
0.10832264662493792
0.11212534652843066
0.001771120775661782
0.002469005712944982
0.9107689634160475
0.00014907759895233162
0.9939008445270524
0.9950438698370073
0.0030963031694047996
0.9083106168119268
0.9385603718716086
0.0023532734045421137
0.9792005959757909
0.0012923019904620239
1.1884159421850465e-05
0.00019415149218630627
0.00394236625503518
0.9935329469927172
0.9866120617726623
0.36870454289489796
0.9932745111287999
0.9995588692315727
1.8670750047345185e-05
0.9942686400173836
0.02028551585496086
8.286797241373302e-05
0.009024822668607392
0.0005110739266554898
0.9073822217190954
0.002454715363797873
0.09399588851743328
0.021061923687319205
0.018408213615627122
0.9996295646683844
0.9986467141725497
0.9993564479827509
0.0001753497535589446
0.0014236111456616281
0.0009472951961885754
0.00011925320790081323
0.9982749232552903
0.9994000276841812
0.00019705541133264908
0.9998508400299622
0.9999788448991891
0.0024594303545782815
0.9983359745000558
0.9995833208996276
0.9973901738453583
0.0008468191124747097
0.9995544567375512
0.020501943926344954
0.058384956772748645
0.7479386823734329
0.00015329190618031956
0.0002797332055645379
0.9954352445051141
0.005523088610889729
0.9994837043967714
0.0005169135951767385
0.0024386941238058756
0.00015118052032686154
0.9965391658356589
0.00010997376005529211
5.941366809084223e-05
0.00308419548001143
0.0003650279447863367
0.0011143010881920817
0.9997579629243274
0.9999793654502114
0.9999233096927047
0.9931982129528667
0.02970904363926414
0.0004369828169611611
0.00021047464381546648
0.9992155899441856
8.928463351756653e-05
0.016479452960880565
0.9999239452702052
0.001855334181130858
0.02603190402432231
0.9998570158922457
0.9998475943718854
0.00026480182097478615
0.0010506973981327047
0.00747776570139137
0.999164436764073
0.013025602335166905
0.9980658691331347
0.004551247463080129
0.9930325879416568
0.005355889143805766
0.9990241762167763
0.9984484764492659
0.00017046628896994685
0.9992601539181166
0.044318899053496494
0.9996096189363101
0.9995624870726192
0.9959513440760888
0.00017088679206432955
0.9989944743303999
0.9898057518661042
0.0004929789716233781
0.00011204237513952442
0.05554419153949274
0.0025817003782655375
0.9974022851684518
0.0014899362411455277
0.9864831967580141
0.0003066915729778302
0.009998552375955223
0.9997837946021743
0.01912670973012409
0.005208311421986793
0.9826960919012305
0.9521649197719888
0.0007895689483683323
0.0030443806519043323
0.987375785582732
0.9998988595941966
0.011836194644149376
0.004870346777568299
0.9987599421436119
0.03088045206290621
0.0038640832158781833
4.0573614011608985e-05
0.005723081187163759
0.9999366211117654
0.9987373023219238
0.9999551327830655
0.9990558690526005
0.9992435012350782
0.9991949231563472
0.9962305366007246
0.0008192804214764132
0.03710477480270715
0.9976026311718892
0.0012700186116998751
0.9997783038038952
0.9983442697134532
0.9996362533127039
0.9982910317629243
4.0929793213416493e-05
0.002681188250089412
0.0008154923067036235
0.995767123836454
0.9923224565672227
0.9408719548591019
0.0005631881390427261
0.0003636148624786671
0.004122436078178238
0.0012069220877068024
0.9999841023825968
0.011037550249840574
0.9998676247216486
0.00021935423319614002
0.9994900949120391
4.185358725121661e-05
0.002336851486754826
0.8660081529173238
0.0003943647735359078
0.999710746176176
0.0019648723522738116
0.9968171799250212
0.9971481783616012
0.0007426272272648207
0.9975899324038595
0.8815460652215384
0.9836116923783442
0.01491106375152396
0.9892303955714168
0.002360599351228681
0.9998651719017909
0.9995561151343659
0.022131449963491857
0.9998599930380677
0.000375351936973306
0.8669186680353602
0.0017190012824089406
0.0015714561394056634
0.981320966647154
0.9998084636805548
0.00016148423628443694
0.9992836499639712
4.984371520343178e-05
0.9979720370806122
0.9988963166412999
0.0027710327845870118
4.818140124568663e-05
0.018191435367744615
0.19574097412142008
0.00033471836954666146
0.0025364583474892363
0.937873228623152
0.00023093655325535134
0.0009407087688346044
0.001381260423644486
0.0003338991169849336
0.00019321453357070748
7.685956292544819e-05
0.9970742607122866
0.0004362179372033559
0.9999481550892025
0.0008326807671143181
0.9654121419938754
0.8970826098737901
0.001741432092829036
0.999758556267118
0.017636261141331797
0.9997053570718472
0.00042767386962503257
0.07408595064331702
2.6173909484965202e-05
0.9848491277965714
0.9999192826115653
0.995968779952687
0.005149293373492475
0.0013784760364981103
0.0014181630823513723
0.9995422257937552
0.18110451780438191
0.9997020801259328
0.9984850868997325
0.8895246574962471
0.0072038934301494285
0.0009584903130287196
0.00013879719658948934
0.9982827155655043
0.9776632111603892
0.3145182745186146
0.9997699734107025
0.9887115331334966
0.04809854623198234
0.0007374508305018183
0.9998011723526525
0.0012824842178427
0.010666993137550663
0.9986085009519341
0.0004011920335826964
0.9999649475444982
0.0007632171998207079
0.8866260962522948
0.9999932574953918
0.9810278615459437
0.0007035471866043809
0.0005479412654753763
6.843466022546736e-05
0.9967140102223117
0.9919018873048355
0.0383349353344552
0.006861694589969238
0.9829374657913484
0.9719317860662928
0.9942784535876417
0.0004127402347597128
0.0003341971468126293
0.9989218710721585
6.999546380926062e-05
0.0005931386660631606
0.0007944613741436685
0.997452813817829
0.000494379020714678
0.9998055897699882
3.448662738465373e-06
0.004148557554799506
0.995272007417659
0.9985916897033874
0.9987031849239789
0.00259132507845148
0.9920360282816593
0.00951955698093596
0.06776054846772038
0.0009027972722174476
0.9854839542358372
0.9946990514845622
1.410918535585789e-05
0.9972971955919483
0.9961077087070221
0.9837945383783779
9.199607801494507e-05
0.0431456405190216
0.9991306068200533
0.00012795888413197538
0.9979028018050174
0.0005856434997259292
0.00011485340196348076
0.9998224859661966
0.21638843529627952
0.0005674095225638181
0.008580466117905382
0.00498314139712678
0.9584402556992182
0.9939760335446273
0.9467617960703572
1.3327021053979294e-05
0.992830943850354
0.9456939141332646
0.9994735344307336
0.0012177246232237685
0.9907441175913162
0.9979510227962841
0.8326088149575223
0.03606103569683813
0.6135214370951627
0.9962607023172944
0.02192291860507715
0.30728478745440946
0.00011568220010178079
0.00260685307254136
0.0006478796664136856
0.0027909409895390284
0.0038882594340897015
0.9984857264609853
0.7382013926097675
1.6811383181856622e-05
0.031230088215686035
0.9853006082610551
0.1048615789339773
0.9978359964778318
0.9962818220428793
0.9962844864130976
0.9648170540997546
7.996039039954856e-05
0.00022806707820878492
0.0012925250543925173
6.029109830053715e-05
0.9996348244000461
0.998035324714976
0.9995920587248683
0.9811201397633355
0.9988769009296137
0.0004795510288130286
0.9997177923786056
0.7214549574709
0.9375871099219197
0.0004467656390380093
0.000627010744208758
0.003110941691399096
0.002587710595578577
0.0016130811908656787
0.0004320281409624487
0.007705515533364424
0.9998617112689724
0.0010900925499931066
0.9972548430141082
0.9975906207465428
0.9998806788740405
0.0010950660670922202
0.0003822831791627537
0.5356118201146184
0.0002812941511538374
0.9995518648562233
1.3202400843691349e-05
0.9996563562883799
0.011268838998472239
0.9886079261078795
0.0043826606288134475
0.9996157588236019
0.6132849619233538
0.9935050993414144
0.11417122967780917
8.624625894939775e-05
0.9914189538708101
0.9887430520756921
0.019586928912214786
0.9912826704201309
0.9998470068050314
0.9984847268950188
0.0018388907101072932
0.9996876879080916
3.1026738171846254e-06
0.9960765474567155
0.9843289788812571
0.0011082464895144062
0.9986769737948481
0.9999457195357951
0.9999590414558542
0.0012258773687108017
0.031472315900729964
0.999439582876162
0.015380456650804104
0.9996838461903654
0.0007149361132665063
0.0024246117540615703
0.001249173101512262
0.9639140855974203
0.9638923258912958
0.9989660108413326
0.985077843280994
0.987296360619992
0.0019302954050284223
0.9476909708395862
0.0021033535984018867
0.004858187469475134
0.9947015568442582
0.9723831755145059
0.9998028716469691
0.0025725069369600837
0.00042480085585138984
0.9995632402307739
0.0015176744107620944
0.9994385940412561
0.06268936498888278
0.0031332082676254172
0.9726780718676301
0.9966557882397559
0.003381958530366469
1.02759123219441e-05
